Individual	Population	Latitude 	Longitude 	Distance	Temperature	Salinity	pH	Chlorophylla	DO 	Library
BIS_1	BIS	41.545	-71.431	4.76	23	30	7.9	4.9	8.2	1
BIS_10	BIS	41.545	-71.431	4.76	23	30	7.9	4.9	8.2	5
BIS_2	BIS	41.545	-71.431	4.76	23	30	7.9	4.9	8.2	2
BIS_3	BIS	41.545	-71.431	4.76	23	30	7.9	4.9	8.2	3
BIS_4	BIS	41.545	-71.431	4.76	23	30	7.9	4.9	8.2	4
BIS_5	BIS	41.545	-71.431	4.76	23	30	7.9	4.9	8.2	5
BIS_6	BIS	41.545	-71.431	4.76	23	30	7.9	4.9	8.2	1
BIS_7	BIS	41.545	-71.431	4.76	23	30	7.9	4.9	8.2	2
BIS_8	BIS	41.545	-71.431	4.76	23	30	7.9	4.9	8.2	3
BIS_9	BIS	41.545	-71.431	4.76	23	30	7.9	4.9	8.2	4
GB_1	GB	41.654	-71.445	0.47	24	28	7.4	18.8	5.7	1
GB_10	GB	41.654	-71.445	0.47	24	28	7.4	18.8	5.7	5
GB_2	GB	41.654	-71.445	0.47	24	28	7.4	18.8	5.7	2
GB_3	GB	41.654	-71.445	0.47	24	28	7.4	18.8	5.7	3
GB_4	GB	41.654	-71.445	0.47	24	28	7.4	18.8	5.7	4
GB_5	GB	41.654	-71.445	0.47	24	28	7.4	18.8	5.7	5
GB_6	GB	41.654	-71.445	0.47	24	28	7.4	18.8	5.7	1
GB_7	GB	41.654	-71.445	0.47	24	28	7.4	18.8	5.7	2
GB_8	GB	41.654	-71.445	0.47	24	28	7.4	18.8	5.7	3
GB_9	GB	41.654	-71.445	0.47	24	28	7.4	18.8	5.7	4
NAR_1	NAR	41.505	-71.453	15.41	25	18	7.6	4.6	7	1
NAR_10	NAR	41.505	-71.453	15.41	25	18	7.6	4.6	7	5
NAR_2	NAR	41.505	-71.453	15.41	25	18	7.6	4.6	7	2
NAR_3	NAR	41.505	-71.453	15.41	25	18	7.6	4.6	7	3
NAR_4	NAR	41.505	-71.453	15.41	25	18	7.6	4.6	7	4
NAR_5	NAR	41.505	-71.453	15.41	25	18	7.6	4.6	7	5
NAR_6	NAR	41.505	-71.453	15.41	25	18	7.6	4.6	7	1
NAR_7	NAR	41.505	-71.453	15.41	25	18	7.6	4.6	7	2
NAR_8	NAR	41.505	-71.453	15.41	25	18	7.6	4.6	7	3
NAR_9	NAR	41.505	-71.453	15.41	25	18	7.6	4.6	7	4
PVD_1	PVD	41.816	-71.391	1.49	23	25	7.4	8.1	4.9	1
PVD_10	PVD	41.816	-71.391	1.49	23	25	7.4	8.1	4.9	5
PVD_2	PVD	41.816	-71.391	1.49	23	25	7.4	8.1	4.9	2
PVD_3	PVD	41.816	-71.391	1.49	23	25	7.4	8.1	4.9	3
PVD_4	PVD	41.816	-71.391	1.49	23	25	7.4	8.1	4.9	4
PVD_5	PVD	41.816	-71.391	1.49	23	25	7.4	8.1	4.9	5
PVD_6	PVD	41.816	-71.391	1.49	23	25	7.4	8.1	4.9	1
PVD_7	PVD	41.816	-71.391	1.49	23	25	7.4	8.1	4.9	2
PVD_8	PVD	41.816	-71.391	1.49	23	25	7.4	8.1	4.9	3
PVD_9	PVD	41.816	-71.391	1.49	23	25	7.4	8.1	4.9	4
