Individual	Population	Latitude	Longitude	Distance	Temperature	Salinity	pH	Chlorophylla	DO	Library
1.PVD.1	PVD	41.816	-71.391	1.49	23	25	7.4	8.1	4.9	1
1.PVD.2	PVD	41.816	-71.391	1.49	23	25	7.4	8.1	4.9	2
1.PVD.3	PVD	41.816	-71.391	1.49	23	25	7.4	8.1	4.9	3
1.PVD.4	PVD	41.816	-71.391	1.49	23	25	7.4	8.1	4.9	4
1.PVD.5	PVD	41.816	-71.391	1.49	23	25	7.4	8.1	4.9	5
1.PVD.6	PVD	41.816	-71.391	1.49	23	25	7.4	8.1	4.9	1
1.PVD.7	PVD	41.816	-71.391	1.49	23	25	7.4	8.1	4.9	2
1.PVD.8	PVD	41.816	-71.391	1.49	23	25	7.4	8.1	4.9	3
1.PVD.9	PVD	41.816	-71.391	1.49	23	25	7.4	8.1	4.9	4
1.PVD.10	PVD	41.816	-71.391	1.49	23	25	7.4	8.1	4.9	5
2.GB.1	GB	41.654	-71.445	0.47	24	28	7.4	18.8	5.7	1
2.GB.2	GB	41.654	-71.445	0.47	24	28	7.4	18.8	5.7	2
2.GB.3	GB	41.654	-71.445	0.47	24	28	7.4	18.8	5.7	3
2.GB.4	GB	41.654	-71.445	0.47	24	28	7.4	18.8	5.7	4
2.GB.5	GB	41.654	-71.445	0.47	24	28	7.4	18.8	5.7	5
2.GB.6	GB	41.654	-71.445	0.47	24	28	7.4	18.8	5.7	1
2.GB.7	GB	41.654	-71.445	0.47	24	28	7.4	18.8	5.7	2
2.GB.8	GB	41.654	-71.445	0.47	24	28	7.4	18.8	5.7	3
2.GB.9	GB	41.654	-71.445	0.47	24	28	7.4	18.8	5.7	4
2.GB.10	GB	41.654	-71.445	0.47	24	28	7.4	18.8	5.7	5
3.BIS.1	BIS	41.545	-71.431	4.76	23	30	7.9	4.9	8.2	1
3.BIS.2	BIS	41.545	-71.431	4.76	23	30	7.9	4.9	8.2	2
3.BIS.3	BIS	41.545	-71.431	4.76	23	30	7.9	4.9	8.2	3
3.BIS.4	BIS	41.545	-71.431	4.76	23	30	7.9	4.9	8.2	4
3.BIS.5	BIS	41.545	-71.431	4.76	23	30	7.9	4.9	8.2	5
3.BIS.6	BIS	41.545	-71.431	4.76	23	30	7.9	4.9	8.2	1
3.BIS.7	BIS	41.545	-71.431	4.76	23	30	7.9	4.9	8.2	2
3.BIS.8	BIS	41.545	-71.431	4.76	23	30	7.9	4.9	8.2	3
3.BIS.9	BIS	41.545	-71.431	4.76	23	30	7.9	4.9	8.2	4
3.BIS.10	BIS	41.545	-71.431	4.76	23	30	7.9	4.9	8.2	5
4.NAR.1	NAR	41.505	-71.453	15.41	25	18	7.6	4.6	7	1
4.NAR.2	NAR	41.505	-71.453	15.41	25	18	7.6	4.6	7	2
4.NAR.3	NAR	41.505	-71.453	15.41	25	18	7.6	4.6	7	3
4.NAR.4	NAR	41.505	-71.453	15.41	25	18	7.6	4.6	7	4
4.NAR.5	NAR	41.505	-71.453	15.41	25	18	7.6	4.6	7	5
4.NAR.6	NAR	41.505	-71.453	15.41	25	18	7.6	4.6	7	1
4.NAR.7	NAR	41.505	-71.453	15.41	25	18	7.6	4.6	7	2
4.NAR.8	NAR	41.505	-71.453	15.41	25	18	7.6	4.6	7	3
4.NAR.9	NAR	41.505	-71.453	15.41	25	18	7.6	4.6	7	4
4.NAR.10	NAR	41.505	-71.453	15.41	25	18	7.6	4.6	7	5
